25430
18906
16697
12800
14245
26950
2236
31001
29365
118
27185
25507
25683
14770
30965
16514
12677
13432
21873
10670
428
24005
23994
4377
16274
28184
8272
4342
25794
22719
4444
20069
10160
20690
21799
16999
17181
31900
7558
6306
32332
1090
24540
14377
25592
20241
13076
3420
27969
28928
4930
31162
19017
18272
6138
30533
3274
20587
25734
27103
29944
29427
9
3588
24028
19854
18257
20922
19830
9766
22566
227
4997
17915
13202
4073
11742
752
8447
2398
16042
25335
26321
30569
26415
26350
19720
29445
1936
13638
24142
9548
23494
25094
14129
6541
8458
28265
2265
14868
17170
12262
23068
5411
28760
16652
12114
25936
4230
3861
25522
32590
2782
6706
27693
10005
11283
25268
19310
21470
13850
1482
14065
25847
16305
13492
17980
21499
9731
19989
1870
25992
28752
21817
20628
27766
30459
32017
10762
11342
3094
9031
16334
6337
27448
22037
11222
18303
1748
29911
