18130
2151
19270
8514
11191
2006
6852
24183
29114
7824
8077
29307
29037
23550
3628
31791
31766
17933
8871
4811
30903
21669
15746
12184
12936
7628
29793
4105
19353
19822
3087
25274
18355
16577
26164
6314
30255
8271
18176
20859
5041
32377
20337
6511
19571
16846
15727
31513
24621
12229
26058
21052
1386
2858
32509
20450
4734
10863
27812
17371
27363
5714
8461
10831
20795
16726
25286
17490
2074
9070
12899
10714
23050
31284
13793
30094
23391
28336
10630
30917
29819
3117
11746
2810
26350
23710
11911
25123
3112
17349
28128
20877
17795
30299
4970
25672
30884
7471
10703
9179
14739
14618
30589
1913
14408
20201
19705
14015
27814
14528
31211
28661
28700
31559
14045
3795
1580
27295
3542
12603
23374
658
758
1875
11494
32103
5683
14663
10489
12552
20977
27865
30779
14784
17564
1811
17298
20417
11363
17661
26038
24114
30471
9741
30550
30648
30335
17161
14002
5482